../Model/armadillo.obj
Texture Image Start
C:\Users\User\OneDrive\орн▒\TsuGuMoMo\kiriha_┼щи|.png
Texture Image End
Texture Image Index Record Start
0
Texture Image Index Record End
Texture Start
0 1 0 0
Face Id Start
683 920 2425 5343 5981 9843 11436 13093 13242 13399 13728 14150 17416 18157 21463 22464 24361 24389 25131 25532 26243 27098 27287 27559 29333 29728 30470 31752 32058 33119 33310 33930 34219 34473 34775 35312 35500 35966 36415 36592 36673 36701 36793 37168 37169 37327 37795 38038 38127 38128 38424 38746 38754 38885 38951 39259 39337 39721 39781 40542 40558 40680 40707 41401 41810 41978 42457 42537 44065 45125 45288 45326 45754 45822 45870 45972 46997 47792 47835 47957 48634 49289 49559 49869 51051 51225 51787 53154 53414 53871 54006 54190 54836 54837 54868 57734 58772 59746 60301 60310 61020 61260 61789 62450 62911 62918 63710 63763 63788 63824 64468 64504 64828 65079 65209 65252 65312 65448 66264 66496 66620 66630 66673 66862 66935 67179 67192 67411 67459 67695 67803 67842 67869 68201 68204 68248 68264 68520 68554 68626 68627 68669 68677 68689 68715 68726 68733 68741 68742 68743 68832 68836
Face Id End
Texture End
